a_4 = 3.592588839992938
a_3 = -28.652472090828870
a_2 = 83.764336344730470
a_1 = -1.105538477414283e+02
a_0 = 64.357873514438880